# 4
fw=1.2e-07 sa=1.4e-07 sb=1.4e-07 sca=4.46017 scb=0.000436376 scc=1.63659e-07 
fw=1.45e-07 sa=1.4e-07 sb=1.4e-07 sca=31.4202 scb=0.0358526 scc=0.00253079 
fw=1.45e-07 sa=1.4e-07 sb=1.4e-07 sca=29.9008 scb=0.0333585 scc=0.00236277 
$This is end of the device boxl file$
