# 4
fw=2.4e-07 sa=1.4e-07 sb=1.4e-07 sca=4.82293 scb=0.000845673 scc=1.19259e-06 
fw=2.9e-07 sa=1.4e-07 sb=1.4e-07 sca=60.4911 scb=0.0392764 scc=0.00603914 
fw=2.9e-07 sa=1.4e-07 sb=1.4e-07 sca=61.0162 scb=0.0400902 scc=0.00610802 
$This is end of the device boxl file$
