# 4
fw=1.2e-07 sa=1.4e-07 sb=1.4e-07 sca=4.72235 scb=0.000639852 scc=4.49589e-07 
fw=1.45e-07 sa=1.4e-07 sb=1.4e-07 sca=93.3551 scb=0.0456236 scc=0.0101791 
fw=1.45e-07 sa=1.4e-07 sb=1.4e-07 sca=93.5698 scb=0.0459815 scc=0.0101996 
$This is end of the device boxl file$
