# 4
fw=1.2e-07 sa=1.4e-07 sb=3.45e-07 sca=4.5148 scb=0.000474692 scc=2.05736e-07 
fw=1.45e-07 sa=1.4e-07 sb=2.45e-07 sca=28.9241 scb=0.030769 scc=0.0019811 
fw=1.45e-07 sa=2.45e-07 sb=1.4e-07 sca=29.3918 scb=0.0317277 scc=0.00202057 
$This is end of the device boxl file$
